1 0.416295 0.463624 0.010169 0.019180
1 0.418899 0.407077 0.009425 0.013889
1 0.507812 0.496362 0.012649 0.020503
1 0.535962 0.489583 0.012897 0.020833
1 0.560888 0.496362 0.012649 0.019180
1 0.580357 0.494544 0.014385 0.020172
1 0.646701 0.460317 0.012153 0.019180
1 0.348090 0.797123 0.025546 0.034061
1 0.400298 0.815146 0.035218 0.043651
1 0.277530 0.359623 0.006448 0.009590
1 0.452629 0.415675 0.009425 0.013228
1 0.474206 0.411872 0.008929 0.012235
1 0.541419 0.383433 0.006448 0.010913
1 0.563244 0.394345 0.007937 0.014220
1 0.572669 0.397983 0.007440 0.012235
1 0.582217 0.393519 0.007192 0.012566
1 0.451141 0.489253 0.012401 0.020172
1 0.273065 0.470073 0.012897 0.020833
1 0.255208 0.378803 0.006448 0.013558
1 0.247892 0.389716 0.006696 0.017526
1 0.265501 0.384094 0.007688 0.012235
1 0.294271 0.382440 0.006696 0.010913
1 0.318700 0.383267 0.008929 0.016534
1 0.313244 0.360780 0.006448 0.011243
1 0.321305 0.359623 0.005208 0.007606
1 0.335565 0.364583 0.005952 0.010913
1 0.339162 0.372354 0.004712 0.009259
1 0.345114 0.366898 0.005208 0.008929
1 0.351066 0.366898 0.006696 0.009590
1 0.354415 0.373016 0.006448 0.011243
1 0.365451 0.367560 0.006696 0.010251
1 0.257812 0.339947 0.004712 0.008598
1 0.265253 0.340774 0.004712 0.008267
1 0.270833 0.339286 0.004464 0.008598
1 0.280382 0.344246 0.005208 0.009921
1 0.284722 0.346065 0.006944 0.009590
1 0.318700 0.345569 0.005456 0.007937
1 0.308284 0.337798 0.005456 0.006944
1 0.319072 0.337798 0.005704 0.008267
1 0.324901 0.338294 0.004960 0.007937
1 0.336310 0.339451 0.005456 0.008267
1 0.328497 0.348545 0.006200 0.009259
1 0.333209 0.350198 0.006200 0.008598
1 0.342634 0.346396 0.004216 0.009590
1 0.343874 0.339947 0.005704 0.007275
1 0.354415 0.343419 0.005456 0.008267
1 0.362103 0.345569 0.006448 0.011243
1 0.376860 0.340608 0.005704 0.009259
1 0.379464 0.350198 0.006448 0.007937
1 0.386905 0.338790 0.006448 0.007606
1 0.392113 0.356316 0.007440 0.015542
1 0.404638 0.353175 0.005208 0.009259
1 0.398810 0.347884 0.004960 0.012566
1 0.405258 0.341601 0.003968 0.007937
1 0.408854 0.343254 0.004712 0.007275
1 0.413566 0.345238 0.005208 0.006614
1 0.418899 0.341601 0.006448 0.007937
1 0.419271 0.356316 0.005208 0.010251
1 0.427827 0.347222 0.008433 0.009921
1 0.437500 0.346561 0.006448 0.009259
1 0.437748 0.358631 0.005456 0.012235
1 0.446181 0.353505 0.005952 0.009259
1 0.456225 0.346892 0.007192 0.007937
1 0.460069 0.361111 0.005952 0.011243
1 0.465030 0.348710 0.005456 0.008929
1 0.478299 0.347718 0.005208 0.008267
1 0.482763 0.351521 0.005704 0.008598
1 0.488219 0.359292 0.006200 0.009590
1 0.497768 0.357639 0.005952 0.010251
1 0.509673 0.358962 0.005952 0.009590
1 0.521825 0.354167 0.006448 0.009259
1 0.530630 0.359623 0.006696 0.008929
1 0.541791 0.356647 0.004712 0.007606
1 0.550967 0.357308 0.005208 0.009590
1 0.557664 0.364253 0.007192 0.008929
1 0.569196 0.360780 0.006944 0.009259
1 0.583581 0.366733 0.005952 0.011243
1 0.589534 0.368221 0.005952 0.009590
1 0.583085 0.376488 0.006448 0.010251
1 0.588666 0.378307 0.006200 0.009259
1 0.601190 0.363591 0.005456 0.008929
1 0.601811 0.372354 0.007192 0.009259
1 0.599578 0.379795 0.006696 0.010913
1 0.594618 0.394511 0.007192 0.011243
1 0.624008 0.376819 0.006944 0.010913
1 0.635913 0.370205 0.005456 0.010251
1 0.640005 0.372354 0.007192 0.009921
1 0.658110 0.381779 0.007192 0.011574
1 0.664931 0.378638 0.005456 0.012566
1 0.669271 0.380456 0.007688 0.012235
1 0.679315 0.395007 0.006944 0.010913
1 0.686136 0.396329 0.006696 0.011574
1 0.685764 0.383929 0.007440 0.011905
1 0.693204 0.385582 0.007440 0.010582
1 0.703497 0.382275 0.007192 0.009259
1 0.711062 0.382440 0.005456 0.008929
1 0.716394 0.384425 0.006696 0.008267
1 0.735367 0.415344 0.008433 0.015873
1 0.740947 0.410880 0.007192 0.014220
1 0.748884 0.402447 0.005704 0.011243
1 0.756944 0.398644 0.007937 0.014220
1 0.766989 0.402447 0.006200 0.009921
1 0.773065 0.411210 0.008433 0.012235
1 0.776910 0.388724 0.006696 0.011574
1 0.785838 0.402778 0.007192 0.010582
1 0.794023 0.398644 0.008185 0.012235
1 0.799975 0.408896 0.009177 0.012235
1 0.808904 0.399471 0.008681 0.011905
1 0.827753 0.410714 0.008185 0.016534
1 0.854787 0.406911 0.009673 0.012897
1 0.875372 0.409722 0.008185 0.013228
1 0.932044 0.412533 0.007937 0.012897
1 0.952505 0.422784 0.008681 0.017526
1 0.893601 0.448082 0.010913 0.013889
1 0.883309 0.446263 0.010169 0.014220
1 0.877604 0.455357 0.010169 0.015873
1 0.926091 0.448247 0.009921 0.016204
1 0.923239 0.472718 0.013145 0.018188
1 0.922247 0.489418 0.013145 0.017196
1 0.978051 0.426257 0.009177 0.013228
1 0.994048 0.434854 0.009425 0.014550
1 0.972346 0.481151 0.010665 0.019180
1 0.978547 0.479332 0.007192 0.017526
1 0.793651 0.519345 0.014385 0.023479
1 0.768477 0.527447 0.015625 0.025794
1 0.458209 0.485284 0.010665 0.020172
1 0.265997 0.465443 0.012153 0.022817
1 0.040923 0.406085 0.008929 0.011243
1 0.018973 0.401290 0.010665 0.021495
1 0.017361 0.334160 0.006448 0.011574
1 0.031994 0.337798 0.008433 0.014881
1 0.051587 0.360615 0.007440 0.014220
1 0.058904 0.360119 0.008185 0.011905
1 0.066716 0.360780 0.006944 0.015873
1 0.072917 0.358135 0.007440 0.015212
1 0.081473 0.361938 0.007192 0.010913
1 0.107763 0.358962 0.006696 0.010913
1 0.094618 0.335152 0.005704 0.008929
1 0.102679 0.335813 0.005952 0.008929
1 0.111483 0.333003 0.006200 0.009921
1 0.121156 0.331515 0.006200 0.008267
1 0.123636 0.352183 0.005704 0.006614
1 0.180556 0.338624 0.006448 0.009259
1 0.196429 0.339947 0.005952 0.008598
1 0.227927 0.343254 0.006448 0.008598
1 0.227803 0.335317 0.004216 0.007937
1 0.240327 0.345403 0.004464 0.008929
1 0.248140 0.334821 0.005208 0.006944
1 0.278522 0.337632 0.006944 0.008598
1 0.302083 0.348876 0.005456 0.007275
1 0.354787 0.336640 0.004712 0.006614
1 0.363467 0.337136 0.004712 0.006944
1 0.470982 0.364253 0.005456 0.010913
1 0.608011 0.364087 0.005208 0.007937
1 0.365575 0.844411 0.023810 0.043981
1 0.311136 0.832341 0.036458 0.040344
