1 0.396660 0.931300 0.013558 0.017857
1 0.429398 0.916171 0.013558 0.014881
1 0.414021 0.897445 0.019180 0.016617
1 0.424438 0.872520 0.016865 0.014881
1 0.251653 0.870536 0.014550 0.016865
1 0.361442 0.804688 0.014550 0.015129
1 0.268849 0.742312 0.012566 0.012401
1 0.240741 0.748140 0.007275 0.006200
1 0.299272 0.724206 0.009921 0.010417
1 0.349041 0.726935 0.010251 0.009921
1 0.402447 0.743800 0.012566 0.012401
1 0.464947 0.716146 0.011905 0.011657
1 0.401951 0.687128 0.009590 0.010169
1 0.374173 0.667783 0.009590 0.008681
1 0.361442 0.672247 0.007937 0.006696
1 0.354167 0.667039 0.009259 0.008185
1 0.378142 0.639013 0.008267 0.007688
1 0.392030 0.640253 0.008267 0.008681
1 0.428406 0.655258 0.008267 0.008433
1 0.439980 0.657118 0.007606 0.007688
1 0.444610 0.640749 0.007606 0.007688
1 0.527116 0.677207 0.008598 0.009177
1 0.555390 0.671379 0.008929 0.008929
1 0.530423 0.689608 0.011243 0.009177
1 0.559358 0.684648 0.010251 0.008681
1 0.535549 0.720238 0.010251 0.010417
1 0.557209 0.702629 0.009921 0.009921
1 0.572255 0.701389 0.010251 0.009425
1 0.562335 0.723214 0.008267 0.009425
1 0.615410 0.724950 0.009259 0.009921
1 0.629630 0.731771 0.009921 0.011161
1 0.663029 0.720982 0.009921 0.010417
1 0.651786 0.802951 0.011905 0.012153
1 0.689649 0.800471 0.012897 0.014137
1 0.613591 0.836806 0.010913 0.012897
1 0.468915 0.868552 0.013889 0.014385
1 0.378968 0.871900 0.015873 0.012153
1 0.246528 0.909846 0.014881 0.021081
1 0.046792 0.927703 0.016865 0.016121
1 0.058366 0.941344 0.015542 0.019097
1 0.036045 0.942212 0.019841 0.018353
1 0.082672 0.827877 0.008598 0.009425
1 0.104167 0.828745 0.011905 0.010169
1 0.626653 0.974206 0.019180 0.022817
1 0.722553 0.962922 0.020503 0.018105
1 0.757275 0.946801 0.019180 0.018601
1 0.694940 0.903770 0.013558 0.016865
1 0.813161 0.929936 0.018519 0.017113
1 0.804067 0.990079 0.022817 0.019841
1 0.933862 0.870536 0.013889 0.011905
1 0.929233 0.852183 0.017857 0.015873
1 0.949239 0.852059 0.014220 0.013145
1 0.810681 0.777654 0.007606 0.010665
1 0.750165 0.770709 0.012235 0.013145
1 0.725529 0.743924 0.013889 0.014633
1 0.573247 0.728175 0.012235 0.008929
1 0.414352 0.764385 0.012566 0.011905
1 0.483466 0.755084 0.013889 0.010665
1 0.500992 0.753844 0.011905 0.012153
1 0.508433 0.768353 0.012235 0.011409
1 0.458499 0.640749 0.009590 0.007688
1 0.498347 0.641989 0.008598 0.008681
1 0.523810 0.632937 0.007937 0.007440
1 0.519676 0.628348 0.008267 0.006696
1 0.487930 0.627480 0.008267 0.007937
1 0.509425 0.616939 0.008929 0.009673
1 0.602513 0.622024 0.009259 0.008433
1 0.423115 0.616443 0.006944 0.006696
1 0.233796 0.304688 0.005952 0.005208
1 0.278108 0.315724 0.008598 0.007440
1 0.296462 0.318204 0.007606 0.006944
